image: lab2.png
resolution: 0.100000
origin: [0.000000, 0.000000, 0.000000]
negate: 0
occupied_thresh: 0.99
free_thresh: 0.001
mode: scale

